0021500257
0021500516
0021500632
0021500193
0021500170
0021500080
0021500465
0021500142
0021500053
0021500374
0021500619
0021500651
0021500576
0021500277
0021500215
0021500410
0021500121
0021500517
0021500413
0021500143
0021500166
0021500463
0021500469
0021500621
0021500056
0021500271
0021500623
0021500341
0021500263
0021500366
0021500377
0021500009
0021500414
0021500151
0021500159
0021500227
0021500448
0021500052
0021500451
0021500212
0021500549
0021500633
0021500085
0021500356
0021500237
0021500018
0021500625
0021500261
0021500449
0021500346
0021500624
0021500295
0021500508
0021500187
0021500655
0021500127
0021500339
0021500452
0021500096
0021500210
0021500335
0021500493
0021500049
0021500013
0021500015
0021500480
0021500474
0021500354
0021500140
0021500652
0021500062
0021500562
0021500293
0021500432
0021500126
0021500103
0021500433
0021500326
0021500218
0021500094
0021500397
0021500099
0021500040
0021500491
0021500109
0021500171
0021500577
0021500662
0021500279
0021500309
0021500068
0021500106
0021500524
0021500379
0021500554
0021500338
0021500305
0021500105
0021500555
0021500639
0021500031
0021500462
0021500136
0021500026
0021500417
0021500083
0021500331
0021500074
0021500511
0021500405
0021500563
0021500504
0021500205
0021500382
0021500059
0021500046
0021500334
0021500254
0021500086
0021500017
0021500296
0021500337
0021500542
0021500638
0021500547
0021500520
0021500032
0021500518
0021500422
0021500630
0021500400
0021500412
0021500484
0021500048
0021500436
0021500371
0021500450
0021500224
0021500022
0021500082
0021500146
0021500239
0021500369
0021500391
0021500027
0021500381
0021500201
0021500636
0021500290
0021500012
0021500423
0021500431
0021500365
0021500387
0021500199
0021500150
0021500073
0021500663
0021500598
0021500580
0021500325
0021500342
0021500585
0021500281
0021500467
0021500066
0021500559
0021500492
0021500063
0021500306
0021500550
0021500113
0021500631
0021500353
0021500394
0021500318
0021500148
0021500019
0021500320
0021500247
0021500489
0021500057
0021500540
0021500246
0021500192
0021500510
0021500204
0021500368
0021500444
0021500586
0021500002
0021500572
0021500286
0021500538
0021500488
0021500496
0021500620
0021500288
0021500545
0021500095
0021500249
0021500584
0021500646
0021500116
0021500098
0021500348
0021500568
0021500307
0021500453
0021500408
0021500455
0021500260
0021500490
0021500599
0021500220
0021500601
0021500357
0021500274
0021500280
0021500176
0021500378
0021500273
0021500028
0021500447
0021500248
0021500471
0021500124
0021500200
0021500256
0021500115
0021500174
0021500457
0021500075
0021500658
0021500327
0021500534
0021500117
0021500389
0021500072
0021500380
0021500104
0021500011
0021500512
0021500195
0021500138
0021500556
0021500507
0021500553
0021500409
0021500437
0021500565
0021500442
0021500566
0021500446
0021500175
0021500198
0021500351
0021500616
0021500428
0021500537
0021500486
0021500370
0021500529
0021500575
0021500169
0021500531
0021500384
0021500398
0021500064
0021500158
0021500129
0021500153
0021500445
0021500564
0021500119
0021500345
0021500242
0021500071
0021500217
0021500500
0021500476
0021500358
0021500135
0021500482
0021500165
0021500472
0021500311
0021500373
0021500005
0021500232
0021500264
0021500214
0021500231
0021500528
0021500081
0021500191
0021500188
0021500592
0021500050
0021500582
0021500364
0021500054
0021500235
0021500660
0021500001
0021500429
0021500352
0021500078
0021500122
0021500509
0021500313
0021500023
0021500016
0021500360
0021500494
0021500362
0021500321
0021500299
0021500551
0021500229
0021500441
0021500025
0021500310
0021500648
0021500207
0021500315
0021500222
0021500285
0021500595
0021500617
0021500502
0021500514
0021500038
0021500211
0021500527
0021500597
0021500291
0021500383
0021500255
0021500539
0021500141
0021500583
0021500250
0021500234
0021500202
0021500418
0021500579
0021500089
0021500178
0021500144
0021500594
0021500189
0021500478
0021500519
0021500385
0021500506
0021500653
0021500505
0021500101
0021500533
0021500180
0021500152
0021500308
0021500312
0021500355
0021500090
0021500393
0021500349
0021500498
0021500420
0021500177
0021500629
0021500501
0021500344
0021500544
0021500581
0021500047
0021500128
0021500569
0021500114
0021500503
0021500314
0021500155
0021500650
0021500004
0021500156
0021500470
0021500402
0021500317
0021500173
0021500618
0021500236
0021500020
0021500571
0021500375
0021500185
0021500110
0021500272
0021500645
0021500615
0021500303
0021500322
0021500197
0021500036
0021500526
0021500323
0021500363
0021500329
0021500419
0021500251
0021500561
0021500558
0021500426
0021500468
0021500181
0021500596
0021500573
0021500390
0021500244
0021500219
0021500600
0021500111
0021500411
0021500560
0021500336
0021500475
0021500233
0021500515
0021500591
0021500058
0021500513
0021500208
0021500157
0021500270
0021500319
0021500186
0021500421
0021500034
0021500287
0021500301
0021500372
0021500483
0021500042
0021500024
0021500435
0021500259
0021500401
0021500164
0021500067
0021500535
0021500206
0021500557
0021500541
0021500213
0021500304
0021500350
0021500137
0021500657
0021500347
0021500172
0021500035
0021500184
0021500464
0021500196
0021500131
0021500439
0021500635
0021500262
0021500241
0021500485
0021500440
0021500182
0021500458
0021500060
0021500376
0021500037
0021500168
0021500275
0021500087
0021500183
0021500044
0021500092
0021500546
0021500396
0021500395
0021500487
0021500627
0021500077
0021500548
0021500300
0021500284
0021500216
0021500316
0021500404
0021500343
0021500125
0021500093
0021500258
0021500552
0021500328
0021500161
0021500223
0021500194
0021500097
0021500386
0021500041
0021500430
0021500102
0021500070
0021500179
0021500406
0021500130
0021500473
0021500107
0021500525
0021500407
0021500091
0021500139
0021500289
0021500499
0021500221
0021500530
0021500230
0021500051
0021500228
0021500021
0021500332
0021500162
0021500133
0021500570
0021500225
0021500367
0021500108
0021500424
0021500297
0021500523
0021500298
0021500112
0021500649
0021500203
0021500252
0021500292
0021500118
0021500209
0021500361
0021500154
0021500647
0021500532
0021500190
0021500642
0021500521
0021500388
0021500543
0021500045
0021500120
0021500415
0021500269
0021500088
0021500226
0021500003
0021500076
0021500123
0021500477
0021500438
0021500033
0021500392
0021500443
0021500578
0021500634
